20
70
88
104
272
304
368
464
550
572
650
748
836
945
1184
1312
1376
1430
1504
1575
1696
1870
1888
1952
2002
2090
2205
2210
2470
2530
2584
2990
3128
3190
3230
3410
3465
3496
3770
3944
4030
4070
4095
4216
4288
4408
4510
4544
4672
4712
4730
5032
5056
5170
5312
5336
5355
5576
5624
5696
5704
5775
5830
5848
5985
6208
6232
6392
6435
6464
6536
6592
6808
6825
6848
6976
7144
7192
7208
7232
7245
7425
7544
7912
8024
8056
8085
8296
8415
8925
8968
9112
9135
9272
9555
9656
9765
9928
10184
10744
10792
11096
11132
11288
11492
11655
12104
12705
12915
13192
13545
13736
14008
14552
14805
14824
15015
15028
15368
16695
16768
16796
17272
17536
17792
17816
18326
18585
19072
19215
19328
19550
19635
20096
20332
20482
20864
21105
21376
21850
21945
22144
22365
22724
22912
22995
23168
23205
24272
24448
24650
24704
24885
25216
25456
25472
25636
25935
26145
26350
26565
27008
27404
27550
27824
28035
28208
28215
28544
28652
29056
29312
29348
29450
29716
29824
29835
30555
30592
30628
30832
30848
31372
31376
31395
31450
31815
32128
32336
32445
32708
33345
33350
33495
33915
34155
34684
34768
34850
34928
35150
35650
35805
36112
36244
36464
36550
36556
37076
37444
37468
38012
38704
38950
39556
39585
39664
39856
39950
40016
40052
40508
40592
40850
41055
41492
41548
41968
42032
42315
42484
42735
43065
43216
43516
43952
44252
44368
45050
45356
45872
45885
46035
46096
46436
46576
46748
46768
46852
47025
47212
47355
47564
47804
47888
48848
49036
49136
49665
49725
49742
49875
50032
50150
50224
50384
50468
50505
51428
51728
51765
51824
51850
52156
52316
52364
52688
53392
53636
53924
54285
54352
54448
54868
54896
55575
55796
55924
55965
56212
56816
56925
57104
57424
57584
58292
58384
58652
58695
58786
59228
59408
59708
59792
59972
60208
60214
60268
60976
61215
61232
61732
61904
62416
62530
62764
63344
63388
63632
64108
64155
64528
64532
65792
66196
66256
66736
66748
66896
66928
67275
67298
67328
67568
67628
67804
68145
68864
69376
69488
69825
69836
70004
70148
70192
70455
70864
70912
71162
71390
71504
71775
71852
71936
72124
72292
72345
72448
73372
73616
73810
73876
74128
74992
75008
75184
75284
75922
76516
76725
77385
77552
77572
77744
77836
78052
78592
78676
78975
79534
79616
79948
80128
80476
80535
81070
81081
81104
81152
81158
82004
82005
82288
83204
83265
83312
83996
84315
84525
84736
84854
85492
85748
85910
86272
87932
88208
88330
88832
89284
89344
89392
89726
90068
90368
90596
90706
91052
91245
91388
91575
91904
92944
93148
93952
94588
95488
95590
95836
95865
95914
96356
96496
96866
97024
98048
98164
98864
99584
99788
99892
100282
100430
101475
101632
101764
102212
102416
102656
102718
102795
103455
104236
104704
105716
105968
107152
107198
107264
107338
107690
107692
107776
108262
108284
109802
110308
110336
110848
111644
112035
112268
112384
112574
113072
113390
113408
114256
114356
114478
114944
115804
116655
116992
118016
118528
118965
119552
119966
121095
121108
121210
122624
122876
123046
123585
124672
125696
125818
125895
126730
126854
127744
128524
128768
130304
130515
131054
131625
131716
132572
133042
133484
135470
137522
138644
138754
138788
140668
144092
144670
146685
147628
150788
151305
152224
152812
152830
152932
153153
154462
155078
156512
158235
158236
158884
159698
160004
160310
160545
161690
164835
164956
165856
168130
168844
169004
169376
170612
170810
171171
172095
172634
174148
174405
175076
175406
175916
177952
178486
179170
179488
181148
181335
182325
182410
182655
183172
183770
184544
185878
186524
187910
188265
188576
188955
189189
190816
191114
191565
192885
193292
193888
194990
195316
197132
197210
198904
199364
199815
200668
201388
202130
202208
202436
203775
203870
205390
205972
206745
206770
206822
206830
207207
207230
207904
207968
209055
209824
211276
211990
212750
213044
213532
216070
216315
216544
217294
217930
218025
220384
220605
220832
221884
222915
223250
223839
224992
225676
225910
226070
226592
226610
227188
227535
228152
228735
229190
229408
229472
229724
229845
230690
231610
231710
231748
232492
233002
233696
234016
235750
235796
235936
236384
236930
237796
238510
239564
239704
240608
241490
241868
242272
243104
243705
243892
244868
245216
246675
247648
247690
248404
249952
250172
250510
251750
253270
253946
254012
254475
254624
254930
255328
255645
256736
257032
257565
257632
257830
257890
258970
259012
260384
261261
261290
261970
262185
262730
263925
263968
264495
266475
266570
266752
267776
268256
269115
270470
270496
271388
272025
272288
272734
272745
273568
274924
275552
276045
276256
276692
276992
277610
278355
279279
279310
280064
280228
280250
280864
281554
282490
283790
284192
284750
285184
285430
285664
287648
288256
288405
288544
289275
289504
289750
289905
290870
291328
291555
292352
292604
292790
293344
293410
293728
294975
295424
296270
296672
296835
297297
297632
297908
298016
300128
300544
300730
301750
303616
303765
304736
306016
306688
306748
307712
308295
308516
308890
309225
310250
310270
310432
310695
310784
310930
311025
311264
312052
313005
313504
313856
314470
315808
315904
316744
316928
317356
319010
319456
319712
319935
320032
321056
321368
321824
322270
322335
323072
323744
323830
324428
324530
324555
324675
324704
325130
326865
328192
329216
329732
329810
330165
330310
331168
331264
332128
332475
332775
332896
334305
334336
335036
335750
336608
337312
337408
338336
338415
338432
338528
338572
340990
341510
342225
343072
343876
344488
344565
344576
345230
345824
346336
346624
347936
347985
347990
348064
349112
349472
349696
350175
350752
350948
351130
351351
351392
351944
352288
352672
352736
352750
352935
353792
354484
354585
355725
356704
357110
358048
358912
359205
359264
359775
360490
361515
361556
361696
362710
362984
363008
363375
363872
365216
366135
366752
367965
368128
369075
369112
369184
370336
370396
370912
371925
372164
372224
372448
372710
373088
373216
374325
374530
375296
376216
376672
376856
377325
378250
378368
378430
379270
379424
379990
380416
380768
381004
381728
382305
382772
383776
384512
385605
386104
386912
387345
387584
388064
388076
389090
389235
389632
390112
390176
390195
392445
393056
393728
394144
394208
394568
394910
395744
395776
395872
395890
396890
396896
399230
399976
400785
401056
401115
402730
402944
403095
403448
404128
404415
404985
406510
406624
406688
407715
407745
408064
408070
408975
409016
409370
409504
410464
411232
411255
412064
412250
412425
413792
413848
414208
414645
415232
416992
417105
418144
418370
418472
418592
420290
420352
421070
421245
421376
422176
422368
422816
423392
423424
423885
424125
424352
424448
425248
426190
426656
427635
428090
428925
429250
429568
430048
430815
431272
431456
431776
432915
432928
433810
433952
434830
434848
436736
437224
437344
437745
437750
438496
438784
439808
441592
441610
441830
441856
442035
442365
442390
442784
442976
443552
445005
446030
446176
446216
446775
447064
447136
447584
448544
449024
449248
449570
450848
451072
451552
452096
452128
452384
452512
453375
454144
454750
454952
455464
455715
456928
457568
458055
458144
458344
459232
459488
460088
460192
460790
461630
462315
462496
463250
463970
464224
464384
464864
465075
466432
466570
466785
467415
467870
468704
468825
468872
469088
470528
471975
473696
473770
474045
474370
475424
475616
475648
475936
476410
477856
477896
477945
478112
479392
479744
480736
481568
481792
482690
482848
484832
484864
485810
486328
486688
487328
487832
487904
487936
488032
489190
489555
489566
489830
490245
490976
491104
492704
492896
495075
495104
495392
495430
496570
497152
497510
497696
497835
498016
498465
499552
500224
501208
502624
502970
503072
503296
504136
505952
506456
506656
507130
507296
507392
507424
509792
510176
510232
510464
512210
512295
512416
512608
512710
513890
514670
515488
515576
515744
516608
516704
516705
517010
517024
517472
517725
518368
518656
519225
519712
520288
520928
521728
521848
522405
522752
523232
523270
523624
524055
524290
524745
524824
526816
527085
527528
528544
528675
528728
529376
529448
530090
530272
531135
532125
532875
533408
534944
535095
535275
535670
536992
537248
537285
538010
538144
538330
538670
538696
538904
539744
541384
542230
543008
543490
543530
543790
543968
544288
544310
547552
548990
549664
551008
552568
554895
555616
556930
557192
558304
559736
560416
561056
561208
561824
562976
563325
563744
563872
564590
565192
566752
567525
567765
570130
570272
570310
570375
570392
572565
573705
573856
575128
575368
575770
576736
577610
577912
578912
579416
580232
580970
581024
581625
582230
582590
583904
586336
586755
587265
587925
588525
588555
588584
589024
589095
590410
592288
592670
593888
594872
597190
597536
598130
598216
599912
600352
600495
600928
602175
602290
602464
602912
603405
604192
604395
606645
606752
608224
608475
608536
609248
609310
609464
610870
611168
611710
613870
614008
614368
614792
615712
616990
617265
617768
618848
620248
623025
624225
626632
628155
628192
628384
629176
629344
629530
630110
630135
631304
631670
633056
634370
634528
634784
637304
637330
638432
639975
640096
640575
642976
643208
643336
647072
648230
649696
650504
650870
651496
652970
653384
654675
655490
655875
655930
656355
656416
658208
658970
661088
662216
662235
662888
664864
665144
665696
666315
666490
666656
666784
667755
668325
668392
668470
668590
669735
669848
671072
671715
674584
675352
676430
676910
677710
678136
679648
680032
681256
682592
683192
684448
685088
686565
687704
691130
692392
692835
693225
694376
694430
694485
695090
697504
698230
698528
700256
706095
706592
707410
708225
708296
709664
710368
711016
711136
711896
712425
712472
714488
714670
714890
715424
716024
716690
717152
717784
717970
720224
721270
721928
722528
724904
725464
725985
726310
726496
727352
728042
728175
728248
728325
730210
730568
731168
731390
733370
736575
737205
737336
740296
740512
740704
740870
742203
742264
742995
743968
744370
747512
748256
750056
750952
751448
752008
752032
755170
756832
757144
757570
758230
759110
761608
762195
762795
763976
765664
769672
769696
770408
770776
773216
773410
774184
775372
775496
776096
776408
778472
778910
780615
780952
780975
784030
785655
786208
786848
787232
788025
788104
788384
788590
788810
789496
791264
792488
792928
793611
795992
796904
799712
801784
802016
803270
803272
803330
803764
804430
808335
809025
809416
810592
811030
812570
812576
812889
813112
815264
815648
816664
819352
821152
823832
824228
824230
824608
825435
827090
827576
827925
828008
831105
832130
832648
832810
833824
834016
834968
835670
837045
837165
838624
838695
838856
842456
842930
842972
843944
846568
847456
848350
849758
850190
850888
851168
851290
852170
857312
857624
859196
859210
859744
860990
861088
861416
861656
866984
867928
870176
870610
871328
873016
873448
875270
875288
876896
877690
879010
880648
882530
883808
884152
885112
885344
885610
886696
887775
887864
889130
890072
890744
892552
894688
895070
895622
897608
898336
899944
900524
901048
901108
901984
902110
902624
904952
905032
907390
908362
908523
908704
911072
912285
917096
917332
917966
918488
918710
919270
920824
921388
922130
922664
924064
925336
926776
927392
928330
928352
928395
929248
929830
931592
932668
932690
935656
935990
936736
937365
940390
940695
941216
942632
944452
945128
945944
947210
947570
948184
948428
949096
949124
949630
949792
949905
951968
953672
955424
956512
956650
957190
960687
960712
962656
965470
966184
967010
967448
967575
967672
968150
968715
969122
969992
970456
971384
971848
973912
976910
977224
978164
978784
979232
979736
979808
979990
981274
981832
981970
983456
983776
984952
986296
988384
988790
991870
992446
992672
995170
996664
997408
998936
999790
999999
1000184
1001248
1004456
1006335
1006468
1006496
1006816
1007475
1007576
1008370
1009690
1011488
1013210
1014910
1016554
1017784
1017926
1018930
1019810
1020128
1020568
1023110
1023224
1024430
1024947
1025145
1025504
1025950
1026968
1026976
1027425
1027528
1031690
1032056
1034408
1034848
1036808
1036888
1038304
1040858
1041716
1043464
1044128
1047304
1047392
1047530
1048864
1051732
1051930
1051936
1052704
1053032
1053470
1054850
1055564
1055744
1056572
1057485
1057688
1057792
1057870
1061024
1061128
1062765
1062968
1063936
1065284
1066142
1067110
1067325
1067432
1067552
1068712
1069856
1069970
1073709
1074176
1074856
1076224
1076896
1077064
1077670
1078432
1081568
1083830
1084174
1084312
1085590
1086464
1087275
1087384
1087976
1088288
1088512
1088728
1090168
1091296
1092388
1093730
1094656
1095292
1095633
1096456
1097192
1098130
1098296
1099010
1100110
1101304
1101976
1102725
1103036
1103630
1103908
1106270
1106464
1108107
1108312
1108844
1112870
1113088
1114856
1115552
1116170
1117024
1117184
1118168
1119232
1120570
1121312
1122770
1122824
1123112
1123328
1123750
1124504
1127175
1127288
1129472
1130415
1132888
1133624
1133728
1135004
1135616
1137682
1138390
1141550
1141690
1142816
1143808
1144330
1145326
1145529
1147874
1148608
1148984
1149952
1156072
1156096
1156448
1156694
1157090
1159510
1159904
1160830
1161592
1161710
1162161
1162696
1163030
1163690
1164776
1164988
1165318
1165352
1165376
1170675
1170796
1172768
1174690
1176008
1178624
1178775
1179310
1180672
1181895
1183304
1183712
1184776
1185316
1188256
1188770
1188915
1190530
1190912
1192725
1193176
1194208
1194435
1195448
1195816
1196030
1196470
1199104
1199836
1200968
1201090
1201310
1201382
1202056
1202072
1205644
1205710
1206488
1207072
1207910
1208024
1209344
1210484
1210990
1212310
1212530
1212808
1214510
1215488
1218752
1219936
1221632
1223416
1223752
1224224
1224531
1225785
1226170
1226728
1227908
1228292
1229152
1229824
1230790
1232055
1234970
1235475
1236250
1236466
1236824
1237088
1238504
1239590
1242112
1242784
1243330
1245128
1245332
1246072
1246208
1249204
1249216
1250810
1252352
1252570
1255430
1257112
1258496
1258528
1259895
1259986
1260544
1260710
1263405
1264545
1265504
1265984
1266688
1266825
1266952
1267208
1268312
1269070
1269532
1269784
1270269
1271392
1271468
1273030
1273725
1274216
1275010
1275464
1277512
1277822
1278530
1278976
1279016
1279136
1279575
1280290
1281610
1281742
1282490
1282918
1282930
1284256
1284856
1288485
1288544
1288552
1289216
1290484
1291070
1291510
1293704
1294810
1295030
1295385
1296184
1299448
1301408
1302904
1303144
1304270
1305848
1306432
1306725
1307284
1307295
1307648
1307691
1308872
1308890
1309696
1312190
1312216
1313792
1314082
1314272
1316288
1319096
1319230
1319464
1319936
1321138
1321870
1321984
1322168
1322848
1323968
1325504
1327136
1328128
1332224
1333970
1334272
1335290
1335356
1336024
1338368
1341010
1341230
1343296
1343752
1344266
1345592
1347688
1349205
1349912
1350656
1351130
1351755
1352704
1352864
1355528
1356632
1356904
1357736
1358848
1359208
1360370
1361492
1364330
1366328
1366575
1366592
1367224
1369390
1370138
1374304
1375144
1376576
1377194
1378592
1378630
1378712
1380825
1383496
1385576
1386525
1387168
1389190
1393064
1393384
1393664
1396672
1397848
1397990
1399192
1399808
1400032
1400128
1401345
1401855
1405952
1407670
1409624
1409992
1411425
1412896
1413610
1414144
1414732
1415810
1416470
1417184
1417288
1417636
1420155
1422136
1422410
1423575
1423976
1425448
1425608
1428154
1429184
1430715
1432431
1432576
1433528
1436312
1436974
1437224
1437370
1439936
1440632
1442816
1442912
1442925
1444216
1445708
1447270
1447496
1448655
1449063
1450048
1450432
1451086
1451230
1451488
1451890
1453048
1453430
1455388
1457152
1461248
1462846
1463296
1464088
1464256
1464352
1466630
1467392
1468136
1468935
1469314
1470344
1472552
1472835
1473230
1473536
1474552
1476232
1476566
1476585
1480275
1481384
1481504
1481728
1485032
1485632
1485824
1486210
1486275
1487272
1487872
1489144
1491710
1494016
1495065
1496104
1496330
1497152
1497208
1500736
1501852
1502944
1506225
1506304
1507330
1507935
1508984
1512170
1512434
1515404
1516544
1516864
1517248
1517504
1517816
1518592
1518632
1519749
1520096
1522688
1522906
1523170
1524736
1525016
1528664
1528832
1529385
1529924
1530765
1531064
1533015
1533730
1534976
1536536
1536590
1537688
1537718
1538570
1539008
1541536
1545412
1545555
1547264
1547992
1549790
1551110
1553704
1554190
1554368
1555070
1558688
1559552
1560136
1563430
1564090
1565288
1565656
1566075
1567744
1567995
1569472
1570635
1570646
1571452
1571552
1573048
1575232
1577608
1577745
1578122
1579305
1580032
1581034
1581256
1581910
1584416
1586068
1586176
1587008
1589576
1590272
1591250
1592384
1592512
1592992
1594593
1596416
1597442
1597970
1601344
1602232
1603690
1604608
1605428
1606275
1607096
1608704
1610144
1610176
1612875
1613385
1613888
1614968
1616896
1617110
1617544
1617975
1618112
1620992
1621802
1622972
1623008
1625925
1627065
1628584
1628990
1631188
1631584
1635326
1635328
1635436
1636335
1637824
1639256
1639424
1639544
1642664
1643510
1645096
1645568
1647616
1647910
1648647
1648736
1649728
1651648
1651712
1651768
1652145
1652696
1654965
1656712
1656886
1657312
1657856
1659904
1660725
1661198
1663150
1663298
1665825
1666048
1666072
1667930
1668416
1669064
1669112
1670955
1671872
1672376
1672990
1673368
1674688
1675192
1675366
1676288
1677988
1678016
1682564
1683495
1684210
1686250
1687096
1687328
1687730
1688936
1691048
1692224
1694824
1695452
1696768
1699136
1702305
1702912
1703656
1704392
1706504
1706870
1706944
1707008
1708216
1708768
1709056
1710855
1710982
1713592
1713855
1715098
1715385
1716928
1717210
1718056
1718626
1720952
1721265
1724470
1725675
1726016
1727296
1728392
1729856
1733632
1733750
1734496
1734776
1735695
1737728
1738304
1738784
1739776
1741630
1742144
1744550
1744832
1745608
1745810
1749184
1750016
1752465
1752512
1753624
1758790
1759628
1760224
1760374
1761430
1762168
1762304
1764352
1764512
1764730
1765112
1767038
1768102
1769024
1769128
1769528
1770304
1771154
1772168
1772776
1772870
1773088
1774592
1776170
1777376
1782572
1782784
1785316
1785525
1787805
1788928
1789192
1793505
1793908
1795072
1796355
1797614
1797730
1798592
1798816
1801216
1804736
1804990
1809962
1810809
1811224
1812952
1813208
1815165
1817662
1818410
1818688
1819648
1821376
1823690
1824728
1825395
1825792
1828832
1828845
1829512
1829650
1829888
1831214
1831936
1836670
1837408
1837832
1838716
1840448
1841696
1842950
1843114
1844224
1844458
1845824
1848964
1849024
1849870
1850048
1850272
1851759
1852785
1853336
1854464
1858670
1862632
1865152
1866752
1867328
1869632
1871595
1872184
1872488
1874408
1874944
1875015
1875604
1877056
1878088
1878592
1879784
1880288
1880392
1882136
1883115
1885256
1885510
1888192
1888864
1890434
1891328
1893152
1894090
1896741
1897155
1897664
1898930
1901570
1901728
1903168
1903808
1905016
1905508
1905664
1906982
1911808
1912274
1913152
1913756
1914232
1915485
1915904
1917952
1918917
1919168
1919936
1921144
1922048
1922932
1923136
1924096
1927562
1928355
1928504
1931464
1932645
1932850
1934336
1934528
1938310
1939264
1939444
1940648
1941752
1943224
1944608
1946624
1948568
1949704
1951004
1952768
1953045
1953184
1953472
1955264
1957304
1958726
1958912
1963096
1964936
1965524
1965736
1966030
1970336
1972971
1977344
1979392
1979456
1980392
1980712
1981888
1982530
1983808
1984125
1984905
1987844
1987875
1988312
1990336
1991776
1992430
1992512
1995776
1997270
1997824
1999552
1999850
2000072
2003776
2004032
2004956
2005336
2007872
2008928
2009098
2011112
2012096
2012985
2013376
2014984
2015672
2016508
2017504
2018390
2019392
2019928
2020352
2020544
2022735
2026496
2027450
2030368
2031370
2034688
2037184
2039104
2040832
2041408
2041490
2042728
2042944
2043232
2044928
2046976
2047395
2049416
2049435
2050936
2051072
2051576
2055104
2055548
2056408
2057330
2057672
2057902
2059264
2059970
2062784
2063205
2064986
2065408
2065528
2066872
2068744
2070970
2072768
2073248
2073496
2073536
2075648
2075968
2077384
2077696
2078372
2081824
2084168
2084812
2086695
2086810
2087936
2091364
2093572
2094688
2095552
2098550
2100230
2100826
2103224
2104136
2104384
2105536
2106872
2107552
2107575
2112650
2113088
2114752
2119436
2119887
2120128
2121405
2121795
2122875
2123896
2124694
2124704
2126144
2126528
2126912
2127070
2130584
2131766
2133928
2135133
2136896
2137568
2139345
2140635
2143936
2144872
2144948
2148190
2149432
2151435
2154334
2154584
2154688
2155072
2156462
2160015
2163296
2164185
2164672
2170408
2170648
2171085
2171872
2173448
2174696
2176184
2179756
2181184
2181352
2182568
2182815
2183744
2184736
2187130
2187458
2188096
2188485
2189024
2193728
2196856
2198625
2199650
2200768
2201152
2203328
2203652
2204992
2205064
2206666
2210464
2211008
2212544
2213056
2213704
2214752
2216050
2221010
2221708
2221888
2222012
2222536
2223855
2224365
2226344
2227616
2228168
2230605
2230774
2232896
2233208
2235712
2240704
2243241
2249056
2250056
2251712
2252030
2252745
2252925
2253344
2253376
2255150
2255168
2255296
2256832
2258264
2259176
2260696
2261270
2261884
2265010
2268735
2269755
2269816
2272064
2272216
2274424
2274784
2277796
2278748
2279072
2279104
2279744
2280896
2282048
2283496
2285206
2286272
2287448
2287868
2288265
2290970
2291936
2293528
2298176
2299076
2300992
2302952
2303235
2305216
2305875
2305984
2306950
2309696
2311065
2314808
2317406
2317544
2318152
2318745
2322368
2324150
2324764
2326312
2326336
2328370
2329024
2329910
2330084
2330728
2332744
2333331
2336192
2339415
2339648
2340344
2341184
2341790
2343608
2344012
2349578
2350232
2351350
2352375
2353112
2355904
2358592
2359232
2360722
2362635
2364056
2365576
2366450
2368064
2368630
2372055
2372588
2372672
2376128
2379405
2381535
2381830
2382350
2382524
2383424
2384044
2387464
2388928
2389592
2391543
2392065
2393024
2393536
2395496
2401250
2401472
2403272
2404545
2405018
2405403
2408128
2408890
2409656
2410264
2410816
2417216
2418795
2420770
2421512
2421568
2423336
2425664
2426176
2428228
2428736
2430088
2430656
2430974
2432576
2433344
2434888
2443155
2444224
2445404
2447354
2447384
2447552
2447752
2448568
2450752
2453204
2455864
2456512
2457992
2458048
2459132
2459710
2462248
2462265
2462570
2463808
2464192
2466050
2467125
2468632
2469056
2472106
2478892
2480895
2481344
2483648
2485352
2485485
2485670
2486055
2487765
2488324
2488563
2489684
2490304
2493248
2498950
2499776
2501768
2502376
2502830
2504194
2506264
2506412
2507968
2508992
2510450
2510584
2512444
2513344
2514112
2517568
2521550
2522048
2524610
2527988
2528824
2530268
2533688
2533864
2535488
2535645
2540516
2541632
2542694
2543090
2546836
2550712
2551275
2551928
2553448
2553525
2553782
2554432
2554688
2555956
2556350
2556477
2557035
2559224
2563784
2564692
2564776
2565184
2569024
2569652
2569930
2571764
2572695
2573888
2575808
2576530
2577302
2579264
2579776
2582336
2582415
2583232
2583848
2584256
2585583
2589015
2589848
2591295
2593576
2595550
2597265
2599616
2600512
2600745
2601176
2602490
2606272
2606528
2607424
2609308
2610190
2610904
2611132
2614552
2618055
2618432
2618944
2620850
2621619
2623288
2623424
2624192
2628676
2629568
2629575
2634350
2639176
2641472
2642624
2642792
2644648
2646208
2651032
2651716
2652050
2652736
2652958
2654410
2654936
2655896
2657728
2658604
2658825
2659335
2659905
2660288
2661945
2661976
2662335
2663870
2665016
2668352
2668664
2669248
2671438
2676928
2677784
2678962
2679616
2680876
2681024
2682688
2683256
2686676
2687296
2688975
2689528
2690710
2691776
2692072
2695450
2696632
2697435
2698688
2698750
2699072
2700584
2701304
2702546
2702912
2704455
2706824
2707845
2708488
2708948
2710084
2711475
2711709
2715584
2716088
2719185
2719310
2719796
2721411
2723008
2723650
2725816
2725952
2726848
2727225
2727944
2729727
2730585
2731072
2732290
2732650
2734912
2737984
2740312
2741416
2741950
2743616
2744384
2744390
2746816
2748008
2749832
2750566
2754496
2757332
2759816
2760896
2766656
2766856
2767768
2768576
2770005
2774848
2775104
2776168
2778712
2779072
2779456
2781068
2781850
2783296
2783781
2784448
2791744
2792205
2794048
2794150
2797028
2797190
2797605
2797864
2799296
2799688
2801284
2801722
2802424
2803268
2803904
2806208
2807516
2810170
2810944
2811490
2811584
2813368
2813432
2813672
2816104
2816696
2816775
2820032
2823488
2824910
2825408
2827072
2828608
2831552
2833736
2834572
2837198
2839935
2840128
2841956
2843450
2843584
2845504
2845592
2848125
2848192
2849110
2850850
2851425
2854408
2854504
2857336
2860556
2861595
2862016
2862488
2863718
2863832
2864212
2864554
2864650
2865915
2866264
2868392
2869425
2869912
2871435
2871964
2873204
2875070
2875072
2875456
2876150
2876296
2878016
2880735
2883465
2887232
2889064
2889664
2891072
2891295
2891889
2892010
2893605
2893928
2894536
2896448
2902208
2904568
2905430
2905916
2906715
2907584
2908598
2909248
2911256
2911936
2912085
2914010
2914376
2914904
2915588
2916544
2917550
2921535
2921536
2923316
2925224
2926016
2927552
2930450
2931392
2932232
2932755
2934056
2937664
2937932
2939528
2941276
2943784
2944064
2944192
2944468
2944576
2945690
2945943
2945984
2946645
2947204
2952128
2952256
2954816
2957524
2959552
2960576
2962936
2963961
2965672
2965696
2965930
2966194
2966848
2966888
2967146
2967488
2967928
2970650
2971448
2972530
2974725
2975115
2976832
2977088
2978368
2979675
2980593
2984768
2986850
2989305
2990296
2990828
2991524
2991550
2991890
2992652
2997952
2998808
3000512
3000856
3001185
3002164
3002805
3003328
3004870
3005504
3006712
3009856
3010462
3011392
3011505
3011650
3012790
3012928
3013312
3013828
3014008
3015224
3016174
3016450
3016744
3018152
3021050
3021608
3022912
3024344
3024704
3024832
3026415
3026595
3030728
3030830
3037016
3038528
3039550
3039772
3040456
3042496
3043904
3046592
3047668
3048075
3051945
3052744
3054051
3055048
3056576
3059836
3059864
3060032
3060196
3063488
3065408
3066315
3066470
3066944
3067004
3068224
3069376
3069465
3069716
3070856
3071332
3071350
3074504
3076928
3081352
3081386
3081664
3081724
3084232
3084736
3086056
3086912
3092212
3092416
3093310
3094065
3095104
3095404
3095955
3097912
3100352
3102776
3104115
3104576
3104595
3104632
3104704
3106150
3106324
3106424
3106730
3108710
3108856
3110984
3111232
3111544
3115544
3116096
3122042
3124928
3125025
3125348
3126184
3127232
3131584
3132550
3133376
3133570
3134924
3137452
3138525
3138952
3138982
3139264
3140288
3141568
3144424
3145024
3146432
3146552
3146955
3147712
3148072
3148838
3150850
3152024
3156416
3156968
3158104
3159050
3160630
3160844
3161132
3164488
3164608
3165350
3166616
3170150
3172468
3173312
3173816
3174045
3174464
3177536
3181448
3183165
3185216
3186590
3188835
3188950
3190328
3191450
3193664
3196736
3197092
3197624
3197836
3198784
3202624
3204008
3208768
3209895
3211072
3211228
3213632
3214912
3217856
3218372
3219136
3219195
3219645
3223336
3223768
3223844
3224152
3224186
3225704
3226905
3227042
3227456
3230152
3231292
3233192
3236536
3238510
3239272
3239744
3239996
3240256
3241755
3242048
3242312
3242954
3244096
3244352
3245385
3245656
3247556
3248014
3248428
3248576
3250786
3254168
3254174
3254464
3255075
3255104
3256768
3257852
3259450
3260248
3261376
3261550
3263896
3264470
3264765
3264832
3265216
3268288
3269368
3270358
3270392
3270464
3272650
3273152
3276884
3277592
3277785
3277804
3278272
3280616
3281216
3281350
3287912
3288256
3291645
3297032
3297050
3300908
3303032
3303410
3303416
3304550
3305468
3306944
3308992
3312184
3312704
3313150
3314968
3315158
3315904
3317096
3318008
3318208
3318705
3322688
3323072
3323968
3325304
3325376
3325888
3326216
3326912
3328064
3328448
3335128
3336375
3339592
3340106
3342339
3343275
3343468
3345344
3346888
3347368
3347392
3347650
3349568
3350295
3351645
3353408
3353828
3354975
3356608
3358144
3360188
3361450
3361984
3364072
3366208
3368150
3368396
3371584
3372392
3372736
3373450
3374248
3375435
3376376
3377972
3381290
3381885
3382665
3383650
3383672
3383816
3384088
3384315
3385024
3386048
3386176
3388096
3388916
3389504
3391552
3392012
3393704
3394112
3394270
3394312
3395528
3396364
3396778
3397732
3398264
3398572
3399104
3400306
3407168
3409965
3410752
3411008
3411392
3413445
3414212
3414848
3415725
3416768
3417986
3418024
3418936
3419050
3419848
3421504
3421624
3423424
3423496
3425984
3427828
3428368
3429056
3429308
3429512
3431704
3432429
3433256
3434944
3435352
3436732
3438675
3439552
3439695
3441555
3441950
3442364
3443392
3443864
3443902
3444776
3444795
3446366
3448575
3451456
3452992
3455036
3455416
3459392
3460544
3465536
3466606
3467848
3469305
3469376
3470528
3470912
3472192
3476636
3476696
3477825
3480376
3480724
3480896
3484904
3486656
3491288
3492416
3492615
3494024
3494632
3495616
3495848
3498350
3499125
3499712
3500385
3501248
3502784
3502876
3503038
3505672
3506564
3506752
3507550
3508274
3509824
3510950
3511090
3512896
3515584
3515608
3515968
3516992
3517185
3518344
3518655
3518996
3523376
3523816
3527350
3527872
3529155
3529664
3529948
3530254
3531650
3531712
3532096
3532450
3532708
3537032
3537105
3537728
3539332
3540537
3542848
3545096
3546688
3546855
3546944
3548325
3549124
3550030
3551050
3551552
3552728
3553304
3553912
3556288
3556928
3557788
3557864
3558712
3562816
3563968
3564356
3565784
3567296
3568064
3570328
3574052
3574850
3577016
3577875
3578816
3581632
3582272
3582716
3585224
3585728
3586112
3592215
3592485
3593792
3594550
3595976
3596050
3599132
3601856
3602624
3604288
3604672
3606525
3606788
3606975
3607232
3607485
3609164
3609850
3610664
3611950
3613504
3613545
3614144
3614930
3616886
3619136
3619215
3619904
3621172
3621350
3623512
3624136
3624478
3625792
3626450
3626872
3627195
3627256
3630272
3630596
3631552
3632576
3633903
3634852
3637018
3638025
3638284
3638464
3639032
3640768
3640808
3645135
3646528
3647475
3647848
3647852
3648472
3648855
3650625
3652288
3653870
3657346
3659175
3659584
3662656
3663555
3664832
3665812
3666088
3666663
3667784
3667904
3669128
3670504
3672128
3673748
3673792
3673845
3675550
3675944
3678650
3678656
3680576
3681315
3682496
3682965
3684752
3686336
3686456
3687616
3691328
3691928
3692810
3693896
3694144
3694664
3696488
3699135
3699832
3700516
3700744
3701312
3702056
3702699
3704164
3705790
3705950
3707445
3707548
3707768
3708736
3709504
3711855
3713985
3714112
3715335
3716404
3717016
3717675
3717950
3720717
3722252
3724088
3724456
3724798
3724850
3727288
3727424
3729052
3730112
3730850
3731264
3731632
3731648
3733696
3734488
3738544
3740608
3741784
3742912
3744584
3744730
3745088
3745216
3746834
3747256
3747904
3749450
3752768
3753536
3755350
3755895
3756428
3756753
3758504
3759296
3760936
3761012
3761896
3763214
3763292
3764416
3766592
3767445
3771508
3772538
3772545
3772864
3773096
3774375
3779008
3782925
3783316
3785792
3786950
3787498
3789208
3789512
3791936
3792064
3794072
3794624
3796472
3796544
3798404
3800044
3801368
3801664
3803350
3806536
3808192
3808665
3809150
3809630
3815884
3820864
3821632
3822008
3823936
3824625
3825796
3826112
3828424
3828544
3830236
3830248
3831064
3831488
3832384
3834176
3834304
3835064
3836608
3836992
3837550
3839168
3839296
3841472
3841984
3842265
3842450
3843225
3844365
3846843
3847348
3848222
3848384
3848570
3849152
3851775
3851968
3853352
3854528
3860344
3860672
3862755
3864128
3864712
3865024
3866176
3866956
3867092
3867712
3870195
3870424
3870656
3871424
3873112
3875008
3875264
3876285
3876782
3877156
3877672
3878805
3879855
3880845
3881792
3882650
3882952
3884224
3884517
3887096
3887510
3888404
3891136
3895155
3895924
3896655
3899025
3899428
3900224
3900490
3901095
3901755
3903808
3905344
3906550
3908032
3908416
3908672
3909952
3910952
3911564
3912195
3913450
3915328
3915405
3915584
3916450
3919624
3920098
3921088
3921856
3922376
3922425
3922496
3923576
3928785
3929176
3929656
3931072
3931352
3936832
3937088
3939430
3940928
3942464
3943108
3944476
3945236
3945326
3945464
3945650
3946304
3947174
3948808
3952136
3952576
3953344
3953728
3955484
3955724
3956672
3959752
3960896
3963448
3963704
3963968
3966136
3967845
3967868
3968072
3971565
3971776
3972254
3973850
3974648
3974685
3974848
3975075
3975232
3977650
3978370
3979550
3982125
3983150
3983692
3985412
3986368
3986624
3986728
3986775
3987375
3988744
3989056
3992008
3992888
3994304
3994484
3995456
3995584
3995624
3996148
3996736
3998144
3999272
4000550
4002922
4004024
4004330
4004668
4006976
4010432
4010985
4011328
4012408
4014656
4015492
4015936
4017310
4019648
4020172
4020705
4022848
4023592
4024172
4024256
4027023
4028745
4029248
4031116
4031325
4031612
4031895
4032536
4034625
4037312
4037576
4038616
4038976
4039455
4040084
4041152
4042048
4042816
4043450
4043968
4045592
4046144
4046696
4049216
4050752
4052025
4055588
4056512
4058048
4058362
4059584
4059712
4061421
4062116
4063059
4063424
4065278
4065448
4065472
4068015
4068508
4068544
4071548
4076865
4078232
4079295
4081077
4082264
4082368
4083008
4083650
4084088
4086664
4088512
4089152
4089644
4091650
4093504
4094656
4095190
4095844
4101056
4102372
4104225
4104350
4107705
4108628
4109632
4110016
4110872
4111424
4112704
4114450
4114624
4116544
4117528
4117905
4118336
4118848
4119488
4120545
4120936
4127350
4128448
4129088
4129688
4129856
4130624
4132065
4133025
4133788
4134825
4136678
4138850
4141504
4142392
4142476
4143064
4143615
4145216
4145728
4147648
4149056
4153096
4154432
4154936
4157350
4157595
4157632
4158656
4160079
4160090
4160392
4162624
4163276
4165184
4166776
4172552
4173070
4173248
4175896
4177036
4179050
4180852
4181684
4181696
4183232
4183616
4184512
4184788
4186304
4190792
4196288
4196350
4199030
4199685
4199744
4199872
4204352
4204544
4206344
4207208
4207436
4210112
4211464
4211512
4211576
4215592
4215616
4217152
4223415
4224285
4224364
4224448
4225024
4225221
4226752
4227975
4228276
4228412
4229464
4229685
4230208
4230350
4234088
4234264
4234724
4237312
4237616
4238350
4238824
4240576
4241728
4242496
4242776
4243136
4243239
4246168
4248896
4249048
4251328
4251364
4251592
4252504
4255875
4257495
4257645
4258568
4261184
4261725
4261888
4264246
4265984
4266176
4266688
4266728
4267456
4269950
4270016
4272135
4273088
4274176
4275704
4278272
4278285
4278424
4280535
4280768
4280852
4281152
4281664
4285156
4285888
4286144
4286625
4287825
4288376
4290902
4290975
4291208
4292032
4296308
4297550
4297995
4298752
4304404
4304876
4305088
4307008
4308772
4310848
4310872
4311404
4312875
4313912
4315072
4315076
4315088
4315352
4317915
4319055
4319992
4320832
4322835
4323328
4323436
4327424
4327450
4328428
4329016
4330688
4331050
4331475
4332352
4333096
4333292
4333329
4335135
4336712
4336972
4337992
4339136
4340372
4340655
4341256
4341766
4341824
4344548
4344616
4348498
4349944
4350784
4354012
4354268
4355085
4357952
4358896
4360150
4360192
4360256
4360545
4364288
4365075
4367096
4367936
4368064
4371008
4371392
4371465
4371748
4374976
4375232
4376576
4377752
4382650
4383416
4384611
4384768
4384796
4384832
4387275
4387648
4388416
4388864
4388924
4389788
4390336
4390995
4391872
4395584
4396096
4396275
4396676
4399785
4400192
4401050
4401832
4402984
4404105
4404632
4405401
4405550
4406264
4406936
4407375
4409344
4410304
4411072
4411432
4415168
4415355
4416448
4417035
4419392
4425015
4425728
4427950
4428164
4431375
4432852
4433175
4434368
4434676
4436672
4437225
4439104
4439872
4444605
4444864
4446435
4446981
4449350
4450624
4450804
4451264
4453048
4453312
4453448
4455104
4456384
4456868
4462592
4462636
4462912
4464285
4470076
4472258
4474264
4474432
4474688
4477473
4477768
4478272
4478984
4481150
4482556
4483988
4486150
4486208
4490312
4490608
4491315
4491375
4491578
4493764
4493848
4495106
4495725
4496192
4497604
4497885
4498136
4499050
4499648
4502715
4505272
4505608
4505884
4506176
4509650
4511552
4511588
4511744
4513088
4513444
4513509
4514685
4515615
4517056
4518056
4518872
4519125
4519150
4519688
4519936
4520565
4521286
4522904
4526272
4526408
4528064
4528448
4528545
4529144
4529655
4532224
4533184
4533705
4533932
4535744
4539950
4540904
4545950
4546605
4547925
4548032
4548608
4551032
4552804
4552850
4554225
4555864
4558936
4559552
4560435
4561245
4566765
4567744
4568128
4570545
4571572
4573550
4576275
4578050
4579528
4579648
4581376
4584118
4585384
4585472
4585664
4586048
4587075
4587892
4591936
4591996
4592805
4593664
4593856
4598848
4598950
4599064
4599928
4603599
4603924
4606528
4607296
4610048
4610996
4611148
4614872
4617104
4617585
4621275
4621376
4621604
4621744
4627904
4629056
4629850
4630072
4631055
4632128
4632896
4634816
4635016
4636684
4637950
4639168
4640456
4642816
4642832
4643595
4644032
4644172
4645184
4646450
4646912
4649704
4649908
4652150
4652224
4652608
4653675
4654156
4655104
4661312
4661415
4661672
4662675
4662945
4669888
4670925
4671112
4671488
4673848
4675671
4676265
4676632
4677448
4678568
4681052
4682055
4682072
4682176
4683776
4683968
4684995
4685504
4689195
4692032
4692345
4692416
4692532
4694074
4694216
4694625
4696064
4698392
4700050
4701656
4702744
4702948
4703895
4704256
4705768
4706368
4711876
4712175
4712972
4713748
4714508
4715516
4720192
4721272
4721348
4721512
4726850
4727788
4728832
4730456
4732425
4732928
4733612
4734784
4737856
4743488
4744904
4745024
4748692
4750888
4758464
4761496
4762142
4762150
4764825
4767176
4767424
4767650
4769625
4769775
4770496
4772032
4772565
4773616
4774892
4775384
4776915
4777550
4777984
4781464
4782375
4784888
4787264
4788424
4790272
4790812
4792232
4792684
4794176
4794368
4795768
4796096
4796608
4796650
4797196
4798912
4800064
4801005
4801342
4801965
4803044
4805775
4806656
4808150
4809152
4809266
4809650
4809850
4809915
4810450
4811924
4812736
4812992
4814848
4815050
4815208
4816936
4817350
4821285
4822336
4822732
4822976
4824716
4825905
4827136
4829428
4830016
4831928
4836975
4837568
4837833
4843096
4844456
4846904
4849352
4851154
4852106
4853696
4853824
4855808
4856450
4856552
4858328
4858623
4858828
4860608
4860992
4861575
4861796
4866112
4866850
4868096
4868824
4869225
4871744
4875364
4876288
4876515
4876864
4880264
4880384
4881188
4883624
4883776
4883950
4884412
4884416
4884592
4885755
4888052
4888282
4889608
4890105
4890628
4891887
4892672
4892752
4893376
4896034
4896884
4898584
4898775
4899550
4900216
4900864
4901950
4903395
4904896
4907624
4908104
4909396
4911272
4913152
4917124
4918976
4920712
4921126
4921408
4921436
4923850
4924815
4925036
4927168
4933568
4936384
4936815
4937536
4937728
4938008
4943464
4944484
4945605
4947705
4948544
4949176
4949805
4950016
4950452
4953050
4955072
4955445
4957875
4960448
4962304
4963275
4964408
4964776
4968256
4969545
4971328
4971712
4971752
4972208
4972485
4975016
4977154
4980650
4982054
4983363
4987328
4988450
4988992
4989495
4989896
4990976
4991296
4993852
4994450
4995705
4996592
4996928
4998748
4999168
5001975
5002492
5004675
5006528
5008448
5008552
5009025
5009050
5010044
5011125
5011456
5012008
5013368
5013952
5022016
5022045
5025710
5028075
5028350
5029178
5029184
5031352
5032136
5032196
5034944
5036032
5038784
5040092
5040724
5044545
5045050
5045450
5045944
5046652
5049272
5052416
5053455
5054144
5054272
5055368
5056412
5058608
5058850
5059016
5059136
5059904
5060068
5061315
5061824
5064704
5064776
5065796
5068550
5068635
5072896
5072925
5073956
5076188
5076376
5076472
5079350
5079616
5080384
5080725
5085176
5085350
5086264
5086575
5089088
5089455
5090756
5093350
5095035
5095070
5095629
5098725
5103128
5104192
5107276
5112555
5114432
5115915
5117272
5117595
5119552
5119892
5122112
5122502
5122676
5122984
5126144
5126336
5126355
5127112
5128264
5131724
5132992
5133135
5136584
5138284
5139350
5139392
5140395
5142585
5145832
5146816
5149095
5150150
5150252
5151172
5154536
5154842
5155624
5156775
5157550
5158725
5158976
5159925
5159944
5161064
5163008
5165144
5165968
5169224
5170624
5170856
5172068
5172928
5173948
5174325
5175448
5179876
5180152
5181015
5181224
5183488
5184585
5186025
5186050
5186734
5187788
5189696
5190525
5193976
5196135
5197448
5199424
5199464
5199872
5201048
5205056
5205568
5207848
5208064
5211225
5211596
5212438
5213475
5216192
5217555
5219068
5219942
5220352
5221268
5221276
5221952
5223352
5224448
5228224
5232885
5235008
5235592
5236408
5236736
5238675
5240655
5240865
5242850
5245786
5246516
5246744
5247296
5247808
5249336
5249584
5252032
5255104
5256236
5259770
5262392
5263324
5269568
5271512
5272856
5273235
5275328
5277752
5280404
5281792
5282950
5284756
5285228
5286104
5286208
5287815
5290304
5291150
5291685
5291896
5294896
5298152
5299965
5301224
5303488
5303655
5305275
5306368
5308316
5309888
5310464
5310812
5311336
5311552
5312024
5312908
5319544
5320406
5322176
5322292
5325788
5327950
5328550
5328704
5329432
5329665
5331608
5333312
5335252
5335816
5340856
5342488
5342505
5343232
5344515
5346496
5349825
5349832
5350172
5353112
5354475
5354908
5359352
5359616
5366084
5366475
5367495
5367808
5368768
5370616
5371150
5373375
5374144
5374784
5374845
5376064
5376658
5379244
5382052
5382848
5387450
5387912
5388495
5388932
5390050
5390595
5390912
5391592
5392384
5399872
5400968
5403850
5404436
5408884
5409604
5409856
5412188
5418765
5421056
5424044
5424364
5424448
5424728
5425984
5427292
5427392
5427536
5428168
5428712
5433285
5435072
5435968
5436850
5437496
5440192
5440748
5440832
5441536
5444048
5445056
5445632
5449605
5451016
5453248
5453824
5455936
5456116
5456888
5459050
5459176
5462728
5464990
5470208
5472988
5473575
5473592
5474384
5474752
5475964
5478650
5478692
5480265
5480685
5480936
5481735
5482024
5482496
5485636
5487464
5487656
5488150
5488832
5489368
5491544
5493915
5494784
5496256
5498816
5500082
5500418
5501678
5502272
5502692
5502976
5504205
5506215
5506624
5507072
5512318
5513805
5515264
5516108
5518144
5522450
5524150
5524184
5525056
5525428
5526088
5527552
5530005
5530772
5531175
5532608
5532952
5535688
5538328
5538424
5538872
5541824
5543044
5543368
5543936
5548570
5549445
5552128
5554575
5556176
5556224
5558014
5559704
5560336
5560664
5560695
5562992
5564168
5564644
5565256
5567150
5568448
5568512
5569030
5569641
5569876
5572125
5573450
5574050
5574556
5574776
5574975
5576128
5579938
5581364
5581695
5581916
5587832
5587850
5588055
5588415
5588835
5588888
5588992
5589824
5592236
5593088
5595256
5595652
5596605
5596736
5597632
5598350
5599204
5600764
5603115
5607736
5610735
5611156
5611935
5613128
5613196
5613376
5613568
5615576
5619537
5620288
5620965
5621150
5623192
5628592
5628735
5629072
5629952
5636475
5637064
5637824
5638144
5638934
5640525
5641108
5642432
5643712
5647144
5648475
5652262
5653112
5653305
5654848
5657024
5659335
5661050
5664584
5664850
5666816
5667290
5668004
5668232
5670248
5670550
5672152
5672768
5672896
5673206
5674604
5675968
5676286
5680796
5683095
5683275
5683508
5686750
5687296
5688472
5689372
5689550
5694184
5695288
5697176
5699032
5699505
5700712
5702336
5705518
5706304
5707036
5708650
5710504
5711872
5712064
5715968
5716328
5716425
5717312
5719696
5720024
5720128
5722268
5724212
5725005
5725504
5726272
5728196
5728256
5730752
5730802
5731136
5733945
5734712
5735528
5735835
5735925
5736448
5737408
5740544
5741325
5743688
5745465
5747462
5747625
5751568
5751832
5751950
5753228
5753276
5755712
5756050
5758532
5763524
5765512
5770616
5770905
5771116
5773150
5773312
5773948
5778112
5781028
5781615
5783350
5785468
5786392
5788352
5788736
5792648
5792985
5793344
5794552
5795648
5797696
5798116
5801175
5801588
5801984
5801985
5803528
5806647
5808064
5809088
5810176
5810624
5811688
5815976
5818216
5819888
5820104
5822464
5827965
5829350
5830184
5830286
5830568
5830965
5831385
5831816
5832332
5834452
5836984
5838848
5841208
5843355
5844668
5845568
5846925
5847896
5849150
5849636
5851136
5852950
5853304
5853950
5854696
5856375
5856812
5857624
5859172
5859328
5862464
5865850
5866048
5866904
5870205
5870475
5873216
5873602
5873972
5877184
5878005
5879115
5879144
5880256
5882188
5882708
5883224
5883712
5888450
5890228
5891450
5891672
5894325
5895928
5896192
5896552
5898176
5900864
5902784
5905528
5905845
5906344
5906492
5906584
5911425
5912036
5912576
5913584
5914450
5914504
5916284
5916952
5920845
5924032
5932456
5933056
5935808
5935936
5937352
5938792
5939955
5943795
5944256
5944365
5944492
5945344
5948504
5950510
5953178
5954102
5956545
5956672
5957632
5957908
5958296
5958464
5959065
5960404
5960745
5961124
5962288
5962688
5963192
5965136
5968850
5973256
5974016
5974616
5975768
5975775
5976350
5981932
5982016
5985356
5985428
5985836
5987008
5988050
5988544
5989005
5991992
5992568
5992904
5994496
5997316
5997350
5998545
5998965
5999912
6002530
6003050
6007528
6010792
6010875
6012848
6013462
6014385
6016348
6017048
6017216
6018752
6018850
6019072
6019264
6019948
6022012
6022575
6022592
6024044
6027826
6028096
6028425
6031515
6032025
6033195
6035272
6038025
6038848
6039436
6040024
6040755
6042616
6043064
6046696
6046750
6047744
6052408
6053866
6055348
6055604
6055936
6058676
6058688
6062248
6063645
6065956
6068224
6069195
6074072
6074355
6075225
6075968
6076378
6080512
6081784
6084351
6084608
6089655
6093225
6093650
6094364
6095115
6095168
6095350
6096454
6097322
6097875
6097984
6098625
6099002
6099136
6100605
6109450
6109528
6110344
6112072
6112444
6112576
6115784
6116836
6117050
6118130
6121588
6123244
6124335
6126164
6126645
6131432
6131648
6133124
6133168
6133725
6135056
6135368
6136354
6140536
6141952
6142292
6143332
6143528
6143992
6145472
6145965
6146044
6146048
6146368
6147136
6148485
6149385
6154952
6157468
6157935
6158150
6159424
6163196
6163486
6165225
6166528
6167192
6167344
6169124
6169792
6172150
6174050
6176650
6178616
6182224
6182296
6182912
6186334
6187864
6189524
6189808
6190485
6191104
6191876
6192225
6193935
6194456
6194624
6195776
6197656
6198868
6199616
6200428
6200650
6206350
6207550
6208264
6208785
6210015
6211755
6213952
6214635
6216050
6216512
6217695
6217912
6218625
6219712
6219776
6220028
6220292
6220665
6221048
6226148
6227008
6227968
6229150
6229208
6229312
6231015
6231836
6236096
6236408
6236828
6242536
6244352
6244546
6244628
6246225
6246345
6248050
6252608
6252855
6254572
6255711
6256136
6256168
6256408
6257224
6260216
6261244
6263464
6264176
6267050
6268928
6271155
6273272
6273544
6277828
6278678
6278950
6278984
6279075
6280150
6280184
6280196
6280785
6281216
6284224
6287096
6287925
6288412
6289868
6291224
6291675
6295384
6296384
6298732
6302104
6303296
6304192
6304552
6305792
6305912
6306195
6307264
6307612
6307796
6307964
6308445
6310592
6313604
6313984
6313996
6316550
6317012
6317296
6317576
6319172
6325768
6326272
6326312
6326924
6329032
6330428
6333650
6337305
6338535
6338984
6339950
6340288
6341072
6342632
6343024
6344325
6344366
6345848
6346688
6350162
6351404
6356025
6360890
6367232
6368284
6368576
6370035
6370648
6370665
6371505
6372236
6374336
6375105
6376088
6380224
6381908
6382072
6384945
6385275
6386696
6387712
6387904
6388048
6390825
6390872
6391150
6391808
6394450
6396224
6399208
6399632
6402472
6403288
6406004
6406365
6407750
6410612
6410924
6417728
6420388
6421544
6421954
6422175
6423688
6424215
6424576
6425050
6425464
6426944
6427496
6427768
6428650
6430095
6433882
6435350
6435484
6437655
6437884
6437925
6440768
6442695
6447296
6447452
6449355
6455872
6456872
6457450
6459550
6460125
6460864
6465304
6466636
6467392
6467769
6468075
6468296
6474008
6476524
6477824
6477950
6478605
6479025
6479552
6479912
6480832
6486016
6490112
6491452
6491925
6492596
6493084
6493305
6494648
6494956
6495224
6495248
6496328
6497468
6498224
6501056
6501075
6501196
6501328
6502568
6503872
6505065
6506962
6508586
6508996
6509912
6513088
6513465
6513550
6513992
6514544
6514624
6514688
6514695
6516405
6517256
6517750
6519976
6520768
6520815
6522424
6523965
6526976
6527235
6531148
6535168
6535828
6537146
6537375
6537615
6539084
6540070
6540556
6541396
6542528
6542650
6546536
6547372
6548350
6548536
6549244
6551312
6553850
6555064
6555950
6557985
6559688
6559744
6561344
6564614
6568376
6571384
6572032
6572936
6574144
6577065
6577096
6578150
6579495
6580875
6581128
6584768
6587108
6588244
6588248
6588250
6588416
6588554
6589376
6594742
6595850
6596608
6597224
6597496
6598168
6598208
6600165
6600512
6601244
6601725
6604592
6607575
6609728
6611368
6611535
6612992
6615596
6617415
6618916
6619275
6620990
6621632
6621704
6625125
6626655
6627705
6633692
6636465
6637264
6637376
6639350
6639885
6640472
6640652
6641728
6642172
6642308
6650312
6650956
6652850
6653636
6654616
6658048
6658424
6659926
6662144
6663566
6666075
6666764
6670336
6670545
6670936
6672448
6673112
6674432
6675292
6675832
6676215
6677824
6678932
6679450
6680350
6680835
6680896
6682048
6683176
6684464
6684736
6684904
6685844
6686168
6688456
6688888
6692348
6696436
6698252
6699008
6701175
6707295
6707384
6708338
6708364
6709934
6713668
6715124
6716955
6718492
6721575
6721712
6723652
6724792
6726195
6726950
6727444
6734272
6735376
6739252
6739276
6739772
6740955
6741105
6742150
6742592
6742996
6743288
6745736
6749444
6752668
6753375
6756352
6760448
6760504
6761024
6763450
6763995
6765525
6766192
6767536
6768584
6769424
6769856
6770115
6772736
6773968
6774464
6774650
6774922
6775335
6777664
6781138
6782150
6782656
6784292
6785024
6786536
6788452
6789783
6793064
6797312
6797416
6798645
6799424
6802635
6805504
6805576
6805976
6807476
6809308
6810550
6812450
6816436
6817792
6818632
6819550
6819692
6819868
6821888
6822375
6825256
6825434
6826078
6827248
6828968
6831195
6831688
6832124
6832485
6832552
6832665
6836895
6837944
6838556
6840664
6841024
6843350
6844708
6846464
6851776
6854656
6856384
6856568
6858344
6859874
6861812
6862256
6863175
6866756
6869835
6873550
6874245
6874972
6876608
6877598
6879232
6880005
6882722
6883024
6883264
6883328
6884456
6885544
6888375
6889352
6891255
6892456
6893704
6894032
6894248
6897332
6897950
6900032
6900176
6900416
6900952
6903224
6903472
6903808
6907030
6907904
6909735
6911056
6915736
6916076
6916450
6917096
6917805
6920595
6920632
6920865
6923475
6924476
6928616
6932672
6933568
6935650
6937768
6937850
6938308
6938584
6939332
6940318
6940672
6942884
6944768
6944804
6945112
6947350
6948416
6949425
6949736
6950025
6950314
6950336
6955448
6956230
6957454
6960112
6960195
6963285
6964784
6964815
6966328
6967250
6968402
6972584
6973328
6977536
6978015
6979676
6981572
6983145
6986564
6987544
6988096
6988485
6988618
6989824
6989888
6996232
6996944
6998650
6998896
7000916
7001152
7004350
7010050
7011650
7011796
7012215
7013528
7014268
7017650
7020676
7024996
7025350
7025728
7027112
7027256
7027545
7028788
7029104
7030784
7031608
7034176
7034265
7034625
7035574
7037404
7037745
7039496
7040475
7046188
7046296
7047104
7048028
7048696
7049295
7049475
7050868
7051192
7053028
7055612
7060712
7061528
7063432
7063552
7066424
7066815
7067512
7067996
7069612
7069688
7071844
7072136
7074795
7075575
7076732
7079410
7079936
7081425
7081725
7083405
7083712
7085248
7087185
7088128
7090112
7091188
7092224
7093312
7095825
7097936
7098945
7100008
7100416
7102808
7103943
7104512
7105406
7105850
7108784
7108856
7110848
7111755
7113208
7113236
7117304
7117832
7118350
7119596
7119650
7120744
7125550
7125992
7126964
7127728
7129750
7130475
7131212
7131748
7132792
7134075
7136056
7136955
7137488
7138845
7139548
7140525
7141696
7143050
7143812
7145732
7147024
7149568
7151552
7151625
7151896
7153192
7158382
7158476
7160895
7161536
7161572
7162246
7163325
7164616
7165755
7165952
7167064
7168144
7169192
7171515
7171568
7173556
7178236
7178504
7180352
7183605
7184812
7185050
7185088
7190528
7192450
7192792
7193176
7194502
7195352
7195624
7196048
7196864
7197795
7198528
7198905
7199704
7201856
7202696
7202816
7203736
7204028
7206675
7206885
7207048
7209712
7212488
7214656
7215615
7216064
7216808
7217150
7217775
7218752
7219125
7223096
7223296
7224116
7224945
7225335
7227392
7228298
7232650
7233872
7235392
7235584
7238836
7240232
7240905
7242158
7242404
7244685
7246564
7246828
7247848
7247872
7248392
7248885
7249208
7249484
7249552
7251075
7251136
7251968
7255672
7256535
7256552
7256896
7257164
7257664
7258185
7260632
7264256
7266650
7267052
7268092
7268672
7270696
7274776
7277836
7277950
7278830
7279432
7279454
7279850
7280216
7284736
7285388
7286175
7288832
7288856
7292025
7296842
7299256
7300228
7301925
7302128
7303616
7305616
7306065
7309048
7312095
7313408
7315425
7315648
7317208
7319350
7319390
7320148
7320784
7321084
7321408
7326932
7327125
7327372
7333184
7333888
7334344
7337608
7337638
7337984
7338050
7338544
7340175
7342550
7343468
7347585
7349108
7349236
7351208
7352050
7352768
7353656
7354304
7356352
7356992
7358464
7359650
7360904
7361150
7363108
7363148
7364264
7367344
7368556
7368795
7371328
7372424
7372948
7373584
7374784
7374872
7375628
7375688
7376744
7378408
7378492
7379918
7380592
7380692
7382864
7384426
7384676
7386304
7386435
7387136
7387605
7389296
7389670
7391685
7394116
7396904
7397325
7399424
7401086
7402550
7403072
7405034
7405592
7407616
7408936
7409144
7411336
7414672
7416812
7419904
7420450
7420725
7421384
7421535
7427175
7428184
7428632
7429646
7431616
7432952
7434310
7436288
7436608
7436888
7440152
7442732
7443416
7445235
7448576
7448752
7449975
7450964
7451848
7456550
7458376
7459090
7460450
7460864
7461062
7463085
7463224
7463744
7463884
7465815
7467705
7468396
7468965
7470272
7470616
7471432
7473608
7479076
7479088
7479104
7481288
7485525
7493632
7496728
7502150
7504832
7504888
7505524
7505704
7510545
7511408
7513232
7513532
7514176
7514234
7514468
7516215
7517672
7518208
7521345
7522304
7525570
7526025
7527465
7528552
7530496
7531088
7531712
7532176
7536712
7537232
7537256
7538055
7546132
7547048
7548814
7548850
7549425
7550348
7553108
7553264
7553348
7553925
7555444
7556175
7556956
7556984
7557112
7557524
7558472
7559150
7559168
7566784
7566825
7570096
7570984
7571456
7573432
7573712
7573874
7574788
7574805
7577048
7579005
7579648
7580050
7580504
7580708
7580895
7582136
7582216
7583732
7584296
7587950
7588108
7588288
7590375
7590765
7590832
7591450
7592438
7595434
7596032
7600144
7600192
7602850
7603804
7604288
7604984
7605568
7610355
7610968
7611172
7611988
7612328
7613756
7616450
7616512
7618888
7619672
7620488
7621850
7622672
7623536
7623872
7632896
7632975
7635004
7636184
7636808
7637355
7637824
7640650
7640955
7641664
7644764
7645184
7648450
7650405
7650676
7651035
7651748
7652164
7653944
7654492
7655576
7656194
7656285
7656705
7657472
7657912
7658576
7659112
7659928
7659945
7664450
7665368
7667625
7668284
7670776
7671573
7671856
7672275
7677248
7678850
7679276
7680056
7681328
7683975
7685450
7687312
7689536
7689950
7690046
7690664
7691476
7691565
7692296
7696766
7697128
7699028
7701550
7702208
7702528
7704196
7704356
7704808
7704896
7707154
7709715
7711948
7713225
7714624
7714816
7717048
7718445
7718912
7719224
7720965
7721144
7722284
7724450
7724608
7724745
7725484
7726455
7730150
7731736
7732395
7732604
7733608
7733696
7736632
7737142
7737788
7739325
7739392
7742144
7744396
7746662
7748872
7752255
7752628
7753095
7761112
7766032
7766374
7768064
7768228
7769025
7769176
7769828
7770412
7772804
7773616
7776225
7776256
7776616
7777216
7779975
7781884
7783144
7784072
7787056
7787504
7787768
7788544
7788736
7790445
7790950
7791950
7793775
7794045
7794296
7801792
7802150
7803272
7803692
7804258
7804706
7805008
7806292
7806808
7809304
7811055
7813124
7813364
7815964
7817144
7823056
7825304
7825408
7828228
7829056
7829504
7829775
7830448
7830795
7832708
7833464
7836184
7836550
7837376
7837515
7838145
7839536
7841224
7842172
7843736
7844012
7844072
7845332
7848128
7849984
7850056
7851484
7852156
7853265
7853625
7854315
7855168
7855808
7857776
7857927
7862715
7863758
7865288
7866188
7871955
7873558
7874050
7877090
7878328
7878656
7880350
7880782
7880985
7881064
7881615
7882696
7884292
7886272
7886848
7887375
7889344
7890752
7890944
7892828
7893964
7897095
7900425
7902892
7903856
7904950
7905344
7905765
7905850
7911424
7913272
7913552
7914236
7915726
7916050
7918508
7918864
7920776
7921575
7921804
7925085
7925588
7926135
7926488
7927916
7928936
7929752
7933365
7934104
7935796
7937288
7937685
7939150
7939648
7940096
7941375
7941712
7943355
7947512
7948288
7948792
7950896
7951905
7952204
7952576
7953392
7953688
7954844
7958312
7958584
7958644
7960012
7960696
7960995
7962548
7963516
7963850
7964145
7964296
7964672
7967284
7971730
7972150
7972286
7972316
7973732
7974632
7975935
7976264
7977046
7977165
7979632
7981844
7985775
7987216
7987648
7988504
7989952
7992350
7998772
7999418
8000055
8000704
8001092
8001536
8001675
8004008
8006726
8008785
8008988
8009728
8017336
8022016
8022430
8022525
8025004
8026112
8030350
8030392
8032496
8032635
8033212
8033992
8034304
8034975
8038052
8039330
8041845
8043652
8043945
8044016
8044808
8046592
8050688
8051024
8053910
8055050
8055495
8057792
8057864
8058136
8060368
8061165
8063576
8066422
8067656
8068672
8070075
8070256
8072218
8072324
8075264
8075504
8076772
8078536
8080065
8081384
8081650
8081775
8083456
8083550
8086856
8088675
8092238
8092408
8093332
8094550
8096828
8099468
8101695
8103176
8104256
8106748
8107328
8109585
8111025
8112088
8117636
8119336
8119755
8120968
8121550
8122905
8123324
8124416
8125052
8125864
8126864
8127050
8128550
8128784
8129205
8129416
8130488
8133398
8134208
8135656
8137768
8139495
8140864
8143816
8143984
8144110
8145472
8147624
8147896
8148844
8149552
8149834
8151255
8152792
8153608
8156396
8158232
8158504
8161556
8162552
8163128
8164148
8164216
8164250
8168314
8169472
8171228
8172352
8174804
8175424
8177816
8179448
8180450
8181290
8181808
8185432
8186265
8186805
8186932
8187075
8189656
8190872
8191168
8191424
8194048
8194252
8198144
8198386
8200647
8201350
8201464
8203928
8206065
8206336
8207050
8208746
8211272
8211735
8212150
8212208
8212275
8214736
8215616
8215624
8216428
8216474
8218624
8218888
8219211
8221005
8224436
8225144
8226448
8226776
8228025
8228745
8229568
8230912
8232172
8234392
8234936
8235008
8235188
8236852
8238248
8239725
8241472
8241544
8242564
8242605
8242672
8244028
8244915
8245850
8247296
8250128
8250688
8253596
8253976
8256735
8258276
8258985
8259075
8260065
8262796
8264384
8264476
8265790
8267950
8268664
8269905
8270535
8270738
8272125
8274735
8275930
8277844
8278768
8285488
8287292
8287792
8287976
8290516
8292352
8293635
8294475
8295592
8296208
8296448
8296695
8297528
8298856
8301986
8303296
8304568
8304784
8305384
8305928
8307856
8308544
8308648
8308736
8308852
8313944
8316525
8316604
8318295
8319188
8320616
8322908
8327450
8328915
8332312
8333944
8335304
8335552
8338150
8339176
8341245
8341504
8343824
8345025
8351450
8353528
8353792
8355585
8355904
8355932
8356084
8358848
8362616
8362935
8364902
8365768
8366312
8366732
8368965
8369548
8371136
8373392
8374472
8375325
8375728
8377736
8378368
8380125
8382350
8382464
8383664
8385896
8385975
8385988
8386030
8387715
8387732
8388650
8388956
8391632
8392868
8393684
8397208
8397298
8399224
8399853
8400856
8401365
8401672
8404336
8407575
8407928
8408444
8408450
8409076
8416562
8416904
8417608
8419425
8423432
8424512
8425076
8425808
8426925
8427088
8432884
8436950
8437814
8437924
8440024
8440588
8440636
8441055
8442704
8445206
8446552
8447368
8449096
8450505
8451916
8458372
8459456
8459906
8459955
8463015
8463550
8464612
8465564
8467450
8467875
8468876
8470436
8471032
8471576
8472368
8472765
8476744
8477888
8478656
8479107
8480650
8485550
8485616
8487896
8490344
8490568
8490616
8491725
8492350
8492992
8493064
8494564
8495235
8496056
8499010
8500850
8500984
8501535
8507205
8507984
8509468
8512048
8513672
8513728
8514135
8514675
8514824
8517015
8522168
8524072
8525205
8528050
8528150
8528336
8529904
8531144
8540368
8541032
8541584
8541752
8542292
8543296
8548450
8548552
8548628
8549775
8551102
8551544
8551868
8552090
8553488
8555715
8556470
8558914
8560064
8561332
8562152
8563588
8566150
8566336
8566352
8567325
8568098
8570168
8572382
8574124
8574615
8576516
8578395
8579288
8579662
8581628
8582576
8582824
8585595
8587448
8587845
8589352
8590508
8590984
8593432
8594092
8596455
8598056
8598356
8599450
8600656
8602432
8604584
8605982
8607848
8609265
8613764
8613878
8616728
8617004
8617450
8618085
8618944
8618974
8619116
8620088
8620395
8622056
8623352
8624950
8625435
8625628
8625645
8626365
8626616
8626888
8628016
8629036
8630284
8630672
8632498
8633752
8634436
8634550
8634776
8638016
8639128
8643375
8643904
8645656
8648458
8651648
8651895
8653648
8657870
8658052
8658716
8660672
8662185
8662852
8662995
8664976
8667856
8671754
8675032
8678636
8681948
8687595
8688088
8688290
8689088
8689448
8691392
8693476
8694322
8696452
8696636
8698696
8701144
8705168
8706915
8710550
8710976
8711716
8712752
8713215
8713575
8714684
8714744
8717656
8720050
8722292
8722864
8725832
8729816
8731125
8732968
8733164
8733784
8734388
8736105
8736776
8736975
8739496
8741696
8743576
8744768
8746348
8750450
8750835
8751464
8751824
8752528
8752552
8753912
8754525
8757826
8759270
8760424
8770576
8772946
8772952
8773264
8774312
8775604
8775944
8775952
8777576
8780144
8782389
8786246
8788725
8791472
8794816
8795475
8796050
8796650
8799850
8799908
8800592
8800696
8801392
8801864
8803132
8807450
8808584
8809672
8811584
8812312
8813752
8814195
8815936
8816744
8818108
8818612
8821604
8821744
8822150
8823122
8823364
8824095
8826165
8828168
8829608
8829872
8833275
8834188
8834852
8834968
8835950
8837144
8838412
8840986
8842550
8842928
8843816
8845576
8845725
8846324
8846912
8847350
8849024
8851016
8852445
8853776
8858542
8861762
8861908
8864415
8868152
8868405
8869312
8870498
8871135
8871525
8873296
8873912
8874190
8881984
8882296
8882685
8883628
8884210
8885350
8886104
8886644
8886956
8887252
8889368
8889825
8892088
8895424
8895896
8904328
8906876
8907525
8912192
8913892
8914708
8914816
8916088
8917112
8921115
8921944
8922836
8924456
8924564
8924728
8930025
8933384
8934248
8934345
8934592
8938768
8941150
8943748
8944744
8945170
8945390
8946135
8946488
8946992
8950305
8950384
8951355
8952128
8956035
8956178
8956508
8958184
8958704
8959850
8961628
8962496
8964585
8965904
8967704
8970356
8971556
8975590
8976064
8976422
8976952
8977768
8978050
8981324
8981848
8982675
8985272
8986054
8986172
8986576
8987050
8989192
8989712
8992150
8992204
8992724
9000075
9000244
9001252
9001395
9003608
9006244
9011224
9011648
9012650
9013316
9013672
9013774
9015304
9016664
9018008
9019605
9025786
9027472
9028904
9030105
9031412
9034072
9039152
9039808
9041625
9045496
9046570
9047876
9048165
9048496
9050270
9053308
9054364
9054604
9054916
9055016
9055616
9055628
9057344
9058455
9061616
9063873
9064144
9065024
9065624
9066645
9066712
9070334
9070904
9071752
9071865
9072316
9073784
9076275
9077776
9078952
9080312
9080396
9081135
9082816
9083235
9084166
9084915
9086012
9089048
9089488
9090056
9092432
9096178
9096632
9097132
9097448
9098150
9098536
9100665
9105705
9107512
9108056
9109952
9110325
9112192
9112850
9113350
9113408
9117548
9120375
9120568
9122625
9122944
9124731
9125192
9128966
9131452
9132825
9133624
9133652
9134055
9134775
9136150
9136972
9138038
9138088
9141652
9145936
9146944
9147915
9148312
9152392
9153904
9154425
9157744
9158175
9159172
9160552
9161145
9162855
9163712
9164116
9164156
9164336
9164528
9164948
9169324
9169528
9171776
9171832
9175010
9175528
9175750
9175815
9177705
9177904
9178442
9180045
9180255
9181575
9181768
9182288
9182584
9185950
9186177
9186788
9187425
9189568
9189675
9190755
9191175
9192376
9192824
9197248
9197632
9198632
9199498
9199550
9202095
9202712
9206248
9208804
9210056
9212372
9213386
9214905
9215168
9218396
9220304
9220664
9225710
9226376
9229090
9229725
9230992
9232388
9234152
9236115
9236955
9238635
9240572
9240945
9241892
9242050
9242944
9243585
9243632
9243776
9243884
9244712
9245416
9245450
9245925
9246195
9247528
9247552
9248368
9250856
9253772
9254576
9255844
9256534
9257625
9260444
9260648
9262384
9263888
9265124
9265412
9265544
9274364
9275608
9275882
9277852
9281864
9282184
9282850
9284584
9284756
9286641
9288392
9289208
9290666
9290788
9292725
9293445
9294448
9294928
9296824
9297368
9297856
9302848
9304785
9305114
9309568
9310696
9310798
9311888
9312524
9313425
9316336
9316395
9316850
9317044
9319472
9320384
9321165
9323224
9323475
9323752
9324928
9325384
9329464
9331072
9331904
9332728
9333488
9333676
9333850
9335632
9336028
9336285
9337168
9338595
9339525
9340058
9340065
9340616
9341704
9341956
9342945
9345808
9349696
9350132
9350408
9354675
9357412
9357650
9360350
9361485
9361814
9364108
9364928
9367155
9367850
9369550
9370305
9370864
9371896
9372992
9373528
9373688
9380205
9381212
9382232
9384255
9384952
9388071
9388676
9391208
9392194
9393868
9398090
9400755
9402088
9403568
9404956
9405045
9415232
9416295
9419865
9421150
9423032
9423952
9425812
9427928
9430365
9431504
9432008
9433096
9434728
9438656
9440944
9445336
9445850
9445905
9447802
9449685
9450296
9450675
9455672
9455775
9456448
9457576
9458936
9459584
9463288
9464750
9465435
9465536
9467096
9468176
9469816
9471105
9471152
9471825
9471992
9472804
9472918
9474075
9474616
9474764
9474950
9476649
9477704
9479210
9481988
9483688
9483850
9485175
9488650
9492664
9493552
9493808
9496292
9498376
9499126
9504016
9505485
9508168
9508712
9509824
9510650
9510795
9514868
9516328
9516572
9518164
9519770
9519884
9520004
9520425
9520432
9520496
9521505
9523088
9523672
9526912
9530816
9530884
9532138
9533192
9533668
9537664
9538515
9539894
9542884
9542950
9544815
9548572
9550312
9550448
9551348
9553592
9554408
9555664
9557236
9561195
9561208
9561752
9561872
9565888
9569014
9569744
9570376
9572955
9573074
9575055
9575624
9575775
9578768
9579196
9581044
9583424
9583990
9584944
9585225
9587048
9587932
9589034
9590126
9590284
9590312
9592216
9593804
9595508
9597315
9598744
9600776
9601192
9602608
9603368
9607550
9608576
9611150
9611188
9613976
9614745
9616850
9618328
9618496
9621592
9622028
9622136
9622952
9623565
9628996
9632025
9632144
9632205
9632876
9633016
9634924
9636208
9638528
9638948
9639525
9641205
9642608
9645904
9646245
9647235
9648135
9648254
9648316
9649984
9653462
9654225
9654975
9656812
9658484
9658850
9659655
9660488
9661275
9661756
9661785
9662936
9664568
9664875
9665350
9665565
9666224
9666752
9667268
9669952
9670552
9671104
9671870
9674938
9675392
9677650
9678224
9681165
9681704
9685784
9689048
9692716
9693128
9696650
9697948
9698384
9701050
9701252
9701704
9702225
9704618
9704926
9705536
9706456
9706851
9706996
9707272
9707764
9710012
9711664
9714472
9715976
9716805
9717550
9721972
9723328
9723712
9726772
9727965
9728216
9729874
9731752
9731852
9738488
9741850
9742635
9743006
9743408
9743950
9744256
9744536
9746230
9747328
9748072
9749278
9749470
9750092
9750592
9751216
9752168
9752644
9754605
9754756
9757864
9758912
9760976
9761944
9762675
9763130
9764055
9768748
9769456
9772552
9777988
9781244
9782096
9783376
9783675
9784125
9785685
9786424
9787869
9788415
9788872
9790504
9791344
9791444
9792208
9793856
9793916
9796185
9797776
9799196
9806236
9806450
9806895
9807088
9808396
9812288
9815632
9816704
9817664
9819225
9820424
9820432
9821512
9821966
9827024
9828567
9829666
9832664
9834296
9835155
9836744
9836912
9837050
9837476
9840705
9841545
9842716
9843272
9844904
9846464
9847708
9848036
9848984
9850005
9851764
9852350
9854968
9858232
9858568
9859815
9862335
9863552
9863595
9864052
9865304
9865664
9865804
9868568
9869872
9871016
9872648
9873104
9874192
9875565
9882495
9882584
9883575
9885976
9886792
9886832
9890224
9891416
9893150
9893356
9893565
9898012
9898250
9899072
9901504
9903285
9903472
9904965
9905288
9907736
9909585
9910150
9913550
9914086
9914150
9914264
9918344
9918950
9925084
9926175
9927099
9928792
9929936
9930616
9932488
9934892
9936832
9937125
9938512
9939195
9944524
9944865
9945045
9947992
9948808
9949624
9949712
9950704
9951808
9952922
9953432
9954632
9955790
9956475
9956696
9956950
9957512
9958905
9959170
9960548
9962498
9963136
9965570
9965692
9968595
9970568
9970672
9971384
9972795
9974932
9977175
9978728
9979892
9980698
9980912
9981808
9982245
9985232
9986576
9990208
9992906
9993328
9993416
9994972
9999730
9999825
