20
70
88
104
272
304
368
464
550
572
650
748
836
945
1184
1312
1376
1430
1504
1575
1696
1870
1888
1952
2002
2090
2205
2210
2470
2530
2584
2990
3128
3190
3230
3410
3465
3496
3770
3944
4030
4070
4095
4216
4288
4408
4510
4544
4672
4712
4730
5032
5056
5170
5312
5336
5355
5576
5624
5696
5704
5775
5830
5848
5985
6208
6232
6392
6435
6464
6536
6592
6808
6825
6848
6976
7144
7192
7208
7232
7245
7425
7544
7912
8024
8056
8085
8296
8415
8925
8968
9112
9135
9272
9555
9656
9765
9928
10184
10744
10792
11096
11132
11288
11492
11655
12104
12705
12915
13192
13545
13736
14008
14552
14805
14824
15015
15028
15368
16695
16768
16796
17272
17536
17792
17816
18326
18585
19072
19215
19328
19550
19635
20096
20332
20482
20864
21105
21376
21850
21945
22144
22365
22724
22912
22995
23168
23205
24272
24448
24650
24704
24885
25216
25456
25472
25636
25935
26145
26350
26565
27008
27404
27550
27824
28035
28208
28215
28544
28652
29056
29312
29348
29450
29716
29824
29835
30555
30592
30628
30832
30848
31372
31376
31395
31450
31815
32128
32336
32445
32708
33345
33350
33495
33915
34155
34684
34768
34850
34928
35150
35650
35805
36112
36244
36464
36550
36556
37076
37444
37468
38012
38704
38950
39556
39585
39664
39856
39950
40016
40052
40508
40592
40850
41055
41492
41548
41968
42032
42315
42484
42735
43065
43216
43516
43952
44252
44368
45050
45356
45872
45885
46035
46096
46436
46576
46748
46768
46852
47025
47212
47355
47564
47804
47888
48848
49036
49136
49665
49725
49742
49875
50032
50150
50224
50384
50468
50505
51428
51728
51765
51824
51850
52156
52316
52364
52688
53392
53636
53924
54285
54352
54448
54868
54896
55575
55796
55924
55965
56212
56816
56925
57104
57424
57584
58292
58384
58652
58695
58786
59228
59408
59708
59792
59972
60208
60214
60268
60976
61215
61232
61732
61904
62416
62530
62764
63344
63388
63632
64108
64155
64528
64532
65792
66196
66256
66736
66748
66896
66928
67275
67298
67328
67568
67628
67804
68145
68864
69376
69488
69825
69836
70004
70148
70192
70455
70864
70912
71162
71390
71504
71775
71852
71936
72124
72292
72345
72448
73372
73616
73810
73876
74128
74992
75008
75184
75284
75922
76516
76725
77385
77552
77572
77744
77836
78052
78592
78676
78975
79534
79616
79948
80128
80476
80535
81070
81081
81104
81152
81158
82004
82005
82288
83204
83265
83312
83996
84315
84525
84736
84854
85492
85748
85910
86272
87932
88208
88330
88832
89284
89344
89392
89726
90068
90368
90596
90706
91052
91245
91388
91575
91904
92944
93148
93952
94588
95488
95590
95836
95865
95914
96356
96496
96866
97024
98048
98164
98864
99584
99788
99892
